0001111000000000
0001111100000001
1011000000000101
0000111100000010
0000000000000000
0001000100000000
1101000100000011
0001000100000001
1101000100001010
1011000000000011
0001000111111111
1101000100001100
0000111000000010
0001000100000001
1100000100000011
0001000111111111
1100000100000011
0001000100000000
1100000100010100
1011000000000011
0000111000000010
0001000111111111
1110000100000011
0001000100000000
1110000100000011
0001000100000001
1110000100011100
1011000000000011
0000111000000010
0001000100000001
1111000100000011
0001000100000000
1111000100000011
0001000111111111
1111000100100100
1011000000000011
0000111000000010
0001000111111111
1011001000101000
1111000100000011
1011000000101011
0101000100000001
0000001000000011
0000111000000010
0000000000000000

